10
2160101800010
Popescu Maria
str.florilor
1
1
10
1100101800011
Georgescu Ion
str.independentei
1
10
1100101800011
Georgescu Ion
str.independentei
11
2160101800010
12
RO10BANK00000000000000
1000
13
RO10BANK00000000000000
100
11
1100101800011
14
RO10BANK00000000000000
RO10BANK00000010000000
Georgescu Ion
100
14
RO10BANK00000000000000
RO10BANK00000010000000
Popescu Ion
100
16
1100101800011
str.abc
11
1100101800011
11
1000
1
21 2160101800010 1 0 6000
21 2160101800010 3 1 10000
21 2160101800010 2 2 1000
21 1100101800011 2 0 5050
21 132842 2 0 500
21 1100101800011 10 0 500
21 1100101800011 1 0 10
1
1
1
22 2160101800010
22 1100101800011
1
1
1
1
1
1
1
1
1
1
1
1
1
1
1
1
1
1
1
1
1
1
1
1
22 2160101800010
22 1100101800011
1
1
1
1
1
1
1
11 2160101800010
11 1100101800011
22 2160101800010
22 1100101800011
23 2160101800010 3
23 2160101800010 10
22 2160101800010